Run semi-empirical minimization
 &qmmm
  qm_theory='AM1'  qmcharge=2,
 /
   6    C1       22.8270       11.7250       13.7800 
   6    C6       22.0360       12.1770       14.8390 
   6    C5       20.6680       11.8090       14.9590 
   6    C4       20.1400       11.0010       13.9470 
   7    N3       20.8920       10.5700       12.9040 
   6    C2       22.1760       10.9310       12.8420 
   6    C7       19.7780       12.2610       16.1190 
   6   C12       20.2660       12.8280       17.2280 
   6   C11       19.3470       13.1770       18.2350 
   7   N10       18.0470       12.9440       18.0700 
   6    C9       17.5930       12.3830       16.9620 
   7    N8       18.4330       12.0210       15.9770 
   7   N13       16.2540       12.1250       16.6950 
   6   C14       15.3460       12.2710       17.7100 
   6   C19       15.2340       11.3050       18.7320 
   6   C18       14.2850       11.5390       19.7140 
   6   C17       13.4510       12.6990       19.6990 
   6   C16       13.5600       13.6330       18.6980 
   6   C15       14.5060       13.4010       17.6880 
   7   N21       12.6590       14.7350       18.8140 
   6   C22       12.5890       15.6820       17.8510 
   6   C23       11.4550       16.6420       17.9000 
   6   C25       11.0790       17.3300       16.7130 
   6   C26       10.0060       18.2850       16.6780 
   6   C27        9.2980       18.5360       17.8690 
   6   C28        9.6620       17.8540       19.0650 
   6   C29       10.7360       16.9080       19.1120 
   6   C46        8.1960       19.5290       17.8320 
   7   N48        8.1910       20.4060       18.9880 
   6   C53        9.4550       21.1520       19.1060 
   6   C52        9.4480       22.0490       20.4020 
   7   N51        8.1500       22.8120       20.4470 
   6   C54        8.1830       23.6190       21.6400 
   6   C50        6.9280       22.0290       20.3800 
   6   C49        6.9520       21.2300       19.0530 
   8   O29       13.3990       15.8030       16.9310 
   6   C20       16.0750       10.0530       18.8150 
   1    H1       23.8740       11.9750       13.6950 
   1    H6       22.4750       12.8220       15.5850 
   1    H4       19.1010       10.7110       13.9980 
   1    H2       22.7530       10.5800       11.9990 
   1   H12       21.3240       13.0110       17.3460 
   1   H11       19.6990       13.6360       19.1470 
   1   H13       15.9570       11.8360       15.7740 
   1   H18       14.1720       10.8230       20.5150 
   1   H17       12.7250       12.8430       20.4850 
   1   H15       14.5920       14.1060       16.8740 
   1   H21       12.0650       14.8080       19.6280 
   1   H25       11.6220       17.1260       15.8020 
   1   H26        9.7490       18.7970       15.7620 
   1   H28        9.1080       18.0580       19.9690 
   1   H29       10.9970       16.4090       20.0340 
   1  H462        7.2470       18.9940       17.7960 
   1  H463        8.2950       20.1340       16.9300 
   1   H48        8.1570       19.7970       19.7930 
   1  H532       10.2840       20.4460       19.1630 
   1  H533        9.5820       21.7870       18.2290 
   1  H522        9.5340       21.4180       21.2870 
   1  H523       10.2830       22.7480       20.3680 
   1   H51        8.1460       23.4430       19.6580 
   1  H502        6.8800       21.3430       21.2260 
   1  H503        6.0640       22.6930       20.3950 
   1  H492        6.9330       21.9230       18.2120 
   1  H493        6.0800       20.5780       19.0060 
   1  H541        7.2600       24.1930       21.7170 
   1  H542        8.2830       22.9730       22.5120 
   1  H543        9.0320       24.3010       21.5940 
   1  H201       16.7660       10.0220       17.9730 
   1  H202       15.4270        9.1770       18.7850 
   1  H203       16.6390       10.0550       19.7480 

